22-06-2021-portugal 
2590354, 1503895, 716372, 4052964, 1737806, 908637, 1834017, 563540, 914709, 1566241, 1655874, 1506609, 725687, 710478, 3066457, 3581524, 1086363, 507929, 2846018, 381840, 740770, 753836, 801628, 800122, 679888, 739665, 620249, 2547318, 644231, 396817, 266388, 588415, 741104, 625966, 3770256, 475959, 514659, 744497, 401956, 782246, 2474946, 650544, 4620618, 327149, 710275, 542097, 2271462, 474858, 463230, 860433, 672876, 334126, 527144, 591326, 323729, 1494647, 236533, 553408, 2579704, 1619116, 430428, 772318, 2270749, 1702572, 236982, 455860, 4484957, 1901450, 638843, 1728823, 528326, 2643321, 305622, 349301, 2602837, 643543, 2728733, 4974369, 714163, 7686152, 667736, 1522554, 507888, 2259949, 367222, 752266, 815319, 285842, 2122346, 771095, 557254, 796406, 1920172, 1617558
Pop
S01_pipa , 004003 003003 001001 000000 001002 001004 001001 004004 001002 004004 004004 003003 000000 004003 001001 004004 004004 002002 004003 004004 004003 001002 001001 004002 000000 001004 004004 004003 001002 003003 001001 001001 003003 001002 004004 004004 000000 004003 004004 004003 004002 002002 004003 002002 001001 001002 004003 003003 002002 001001 003003 001001 001002 002002 001004 004004 000000 003003 003002 001001 004003 001002 001002 001002 003002 000000 002002 004003 000000 004004 004003 003003 004004 004004 001001 004004 001003 004003 001004 001002 001001 002002 001002 001001 004003 004003 001001 004003 001004 001001 001001 001001 002002 001004
Pop
S02_pulga , 000000 000000 000000 000000 000000 000000 000000 004004 000000 000000 000000 004004 000000 000000 000000 000000 000000 001002 000000 000000 000000 000000 000000 000000 000000 000000 000000 004004 000000 000000 000000 000000 000000 000000 000000 000000 000000 000000 000000 000000 000000 000000 000000 000000 000000 000000 000000 000000 000000 000000 000000 001002 000000 000000 000000 000000 000000 000000 000000 000000 000000 000000 000000 000000 000000 000000 000000 000000 000000 000000 000000 000000 000000 000000 002002 000000 000000 000000 000000 000000 000000 000000 000000 000000 000000 000000 000000 000000 000000 000000 000000 000000 000000 000000
Pop
S03_ramada , 003003 004004 001002 000000 001002 004004 001001 004004 001002 003003 003003 004004 000000 004003 001001 004004 003003 002002 004003 004004 004004 001001 002002 004002 000000 001001 004003 003003 001001 003003 001001 001001 003003 002002 004003 004003 000000 004004 004004 004003 002002 003002 003003 002002 002002 001002 004003 002002 004002 003003 004003 002002 001001 000000 001001 004003 000000 003003 003002 001002 003003 002002 001002 001002 002002 000000 001002 004003 000000 004004 004003 004003 004002 004004 001002 004004 001001 003003 004004 001002 000000 004004 001001 001002 003003 003003 001001 003003 001001 001001 001001 001001 003002 001004
Pop
S04_q1irobi , 004003 004003 001001 000000 001002 004004 001001 004003 001002 004004 004003 004003 000000 004003 001003 004002 004003 001002 003003 004003 004003 001001 001002 004004 000000 001004 004003 004003 002002 001001 001002 001002 004004 002002 004003 004003 000000 004003 004004 003003 004002 003002 004003 002002 002002 002002 004004 003002 004002 001003 004004 001002 002002 001001 001004 003003 000000 004004 003003 001002 004003 001001 002002 002002 003002 000000 002002 004004 000000 004003 004003 004003 004004 004003 001001 004003 001003 003003 001004 002002 001001 002002 001002 002002 004004 003003 002002 004003 001001 004004 002002 001002 003003 001004
Pop
S05_mel_2019 , 003003 003003 001002 000000 001002 001004 001002 003003 001002 003003 004003 003003 000000 004003 001003 004004 004003 001002 004004 004003 004003 001002 001001 002002 000000 001004 004003 003003 002002 001003 001001 001002 004004 001002 004003 004003 000000 004003 004004 004004 004002 003002 004004 002002 001002 001002 004003 002002 004002 001001 004003 001001 001002 001001 004004 004003 000000 003003 003003 001002 003003 001002 001001 002002 003003 003003 001001 003003 000000 004003 004004 003003 004002 004004 001002 004003 003003 004004 001004 001001 001001 004002 002002 001002 004003 004004 001001 004003 004004 001001 001002 001002 003002 004004
Pop
S06_qic27 , 003003 004003 001001 000000 001002 001004 001001 003003 001002 004003 003003 004004 000000 004003 001001 004002 004004 001002 004004 004004 004003 002002 002002 004002 000000 001004 004004 003003 001002 001001 001002 001002 004004 001002 003003 004004 000000 004003 001004 003003 002002 003002 004004 001002 001002 001001 003003 002002 004002 001001 004003 002002 001002 001002 001001 004004 000000 004003 002002 001002 003003 001002 002002 001002 003003 003003 002002 004004 000000 004003 003003 004004 002002 004004 001002 003003 001001 004003 001004 001002 001003 004004 001002 001001 004003 004004 001001 004003 001001 001001 001001 001002 003003 001004
Pop
S07_0044ri , 004003 004003 001002 000000 001002 004004 001001 004004 001001 004004 004004 004003 000000 004003 001001 004004 003003 002002 003003 004004 003003 001001 001002 004002 000000 001001 004003 003003 002002 001003 001001 002002 004003 001002 004003 004003 000000 004003 001004 004003 002002 003002 004004 002002 002002 001001 004004 003002 004002 001003 003003 001002 001002 000000 001004 004003 000000 004004 003002 001002 004003 001001 001002 001001 002002 000000 001002 003003 000000 004004 004004 004003 002002 004003 002002 004003 001003 000000 001004 001002 001003 004002 001002 002002 004003 004003 001001 004003 001004 001001 001001 001001 003002 004004
Pop
S08_1141gang , 003003 003003 001002 000000 001002 004004 001001 004004 002002 003003 004004 004003 000000 003003 003003 004002 000000 002002 003003 004004 003003 001002 001001 004004 000000 001001 004004 003003 002002 001001 002002 001001 003003 000000 004004 000000 000000 004004 001001 004004 000000 003003 004004 002002 001001 001001 004003 002002 000000 000000 004004 001002 001001 000000 000000 000000 000000 003003 003003 002002 000000 001001 000000 001002 003003 000000 002002 003003 000000 003003 004004 004004 000000 004004 001001 003003 001001 000000 001004 000000 000000 004002 002002 002002 003003 004003 002002 000000 001001 001001 002002 001001 000000 001001
S20_1141gang , 000000 004004 000000 000000 000000 004004 001001 004004 000000 000000 000000 004004 000000 003003 000000 000000 004004 001001 000000 004004 000000 000000 001001 004004 000000 000000 000000 003003 001001 001001 002002 000000 004004 000000 000000 003003 000000 004004 000000 004004 004004 003003 004004 000000 000000 002002 000000 000000 000000 000000 000000 002002 000000 000000 000000 000000 000000 003003 000000 002002 000000 001001 000000 001002 000000 000000 000000 000000 000000 000000 004004 004004 002002 000000 001001 003003 000000 000000 000000 000000 000000 000000 002002 000000 000000 000000 000000 000000 001001 001001 001002 001001 000000 001001
S32_1141gang , 003003 004003 000000 000000 001002 004004 001001 004004 002002 003003 000000 004003 000000 003003 003003 002002 004004 001001 003003 004004 003003 002002 001001 004004 000000 001001 004004 003003 000000 001001 002002 001001 004003 001001 004003 003003 000000 004004 004004 004004 004004 003003 004004 001001 001001 000000 003003 002002 002002 001003 004004 001002 001002 000000 004004 004004 000000 003003 003003 002002 003003 001001 001001 001001 003002 000000 001001 003003 000000 004003 003003 004004 002002 004004 001001 003003 003003 000000 001004 000000 000000 004002 002002 000000 003003 004003 002002 004003 000000 001001 001001 001001 003003 001001
S44_1141gang , 000000 004003 000000 000000 001002 000000 000000 004004 000000 003003 000000 000000 000000 000000 000000 004004 000000 000000 000000 004004 004004 002002 001001 004004 000000 000000 004004 003003 000000 000000 002002 000000 000000 000000 000000 003003 000000 000000 004004 004004 000000 000000 004004 000000 000000 000000 000000 000000 002002 003003 004004 001002 000000 001002 000000 000000 000000 000000 000000 002002 000000 000000 000000 000000 003003 000000 000000 000000 000000 000000 000000 000000 000000 004004 000000 003003 001001 004004 000000 000000 001001 000000 000000 000000 000000 000000 000000 000000 000000 000000 001001 002002 003003 001001
Pop
S09_quintagono , 004004 003003 001001 000000 001002 004004 002002 004003 002002 004004 004003 004003 000000 004004 001003 002002 003003 001002 004004 004003 004003 001002 001001 004004 000000 001004 003003 004003 001002 001001 001002 001002 004004 002002 003003 004003 000000 004003 004004 003003 002002 003002 004003 002002 002002 002002 004003 003002 004002 001003 004003 001002 002002 000000 001001 003003 000000 003003 003003 002002 003003 001002 001002 002002 003002 000000 002002 004004 000000 004003 004003 004004 004004 004004 001001 004003 001003 000000 001004 002002 000000 004002 001002 002002 004004 003003 001002 004003 001001 001004 002002 001002 003003 001004
S21_quintagono , 004004 003003 001001 000000 001002 004004 002002 004003 002002 004004 004003 004003 000000 004004 001003 002002 003003 001002 004004 004003 004003 001002 001001 004004 000000 001004 003003 004003 001002 001001 001002 001002 004004 002002 003003 004003 000000 004003 004004 003003 002002 003002 004003 002002 002002 002002 004003 003002 004002 001003 004003 001002 002002 000000 001001 003003 000000 003003 003003 002002 003003 001002 001002 002002 003002 000000 002002 004004 000000 004003 004003 004004 004004 004004 001001 004003 001003 000000 001004 002002 000000 004002 001002 002002 004004 003003 001002 004003 001001 001004 002002 001002 003003 001004
S33_quintagono , 004004 003003 001001 000000 001002 004004 002002 004003 002002 004004 004003 004003 000000 004004 001003 002002 003003 001002 004004 004003 004003 001002 001001 004004 000000 001004 003003 004003 001002 001001 001002 001002 004004 002002 003003 004003 000000 004003 004004 003003 002002 003002 004003 002002 002002 002002 004003 003002 004002 001003 004003 001002 002002 000000 001001 003003 000000 003003 003003 002002 003003 001002 001002 002002 003002 000000 002002 004004 000000 004003 004003 004004 004004 004004 001001 004003 001003 003003 001004 002002 001001 004002 001002 002002 004004 003003 001002 004003 001001 001004 002002 001002 003003 001004
S45_quintagono , 004004 003003 001001 000000 001002 004004 002002 004003 002002 004004 004003 004003 000000 004004 001003 002002 003003 001002 004004 004003 004003 001002 001001 004004 000000 001004 003003 004003 001002 001001 001002 001002 004004 002002 003003 004003 003003 004003 004004 003003 002002 003002 004003 002002 002002 002002 004003 003002 004002 001003 004003 001002 002002 000000 001001 003003 000000 003003 003003 002002 003003 001002 001002 002002 003003 004004 002002 004004 000000 004003 004003 004004 004004 004004 001001 004003 001003 000000 001004 002002 001001 004002 001002 002002 004004 003003 001002 004003 001001 001004 002002 001002 003003 001004
Pop
S10_hyp_r1pedra , 003003 004003 001002 000000 001002 004004 001001 004003 002002 003003 004004 004003 000000 004003 001003 004004 004004 001002 004004 004004 003003 001002 001001 002002 000000 001004 003003 003003 002002 001001 001002 002002 004003 001001 004003 004004 000000 004004 004004 004004 004002 003002 004004 002002 002002 001002 004003 002002 004002 001003 004003 001001 001002 000000 004004 004003 000000 003003 003003 001002 003003 001002 001002 001002 003003 000000 001001 004003 000000 003003 004004 003003 004002 004004 001002 004004 001003 000000 001001 001002 000000 004002 001002 001002 004004 004004 001001 003003 001004 001001 001001 001002 003003 001004
S22_hyp_r1pedra , 003003 003003 001002 000000 001002 001004 001001 004003 002002 003003 004004 004003 000000 004003 001003 004004 004003 001002 003003 004004 003003 001002 001001 002002 000000 001004 004003 003003 002002 001001 001002 002002 004003 001001 004003 004004 000000 004004 004004 004004 004002 003002 004004 002002 002002 001002 003003 002002 004002 001003 004003 001001 001002 000000 004004 004003 000000 003003 003003 001002 003003 001002 001002 000000 003003 000000 001001 004003 000000 000000 004004 003003 004002 004004 001002 004004 001003 000000 001001 001002 000000 004002 001002 001002 004004 004003 001002 003003 001004 001001 001001 001002 003003 001004
S22_hyp_r1pedra , 003003 003003 001002 000000 001002 001004 001001 004003 002002 003003 004004 004003 000000 003003 001003 004004 004003 001002 004003 004003 003003 001002 001001 002002 000000 001004 004003 003003 002002 001001 001002 002002 004004 001001 004003 004004 000000 004004 004004 004004 004002 003002 004004 002002 002002 001002 004003 002002 004004 001003 003003 001001 001002 000000 004004 004003 000000 003003 003002 001002 003003 000000 002002 001002 003003 000000 001001 004003 000000 004003 004004 003003 004002 004004 000000 004004 001003 000000 001001 001002 000000 002002 001002 001002 004004 004003 001001 003003 001004 001001 001001 001002 003003 004004
S46_hyp_r1pedra , 003003 003003 001002 000000 001002 000000 001001 004003 002002 003003 004004 004003 000000 004003 001003 004004 004003 001002 004003 004004 003003 001002 001001 002002 000000 001004 004004 003003 002002 001001 001002 002002 003003 001001 004003 004004 000000 004004 004004 004004 004002 003002 004004 002002 002002 001002 004003 002002 004002 001003 004003 001001 001002 000000 004004 004003 000000 003003 003003 001002 003003 002002 001002 001002 003003 000000 001001 004003 000000 004003 004004 003003 004002 004004 001002 004004 001003 004004 001001 001002 001001 004002 001002 001002 004004 004003 001001 003003 001004 001001 001001 002002 003003 004004
Pop
S11_m1_fresa , 004004 000000 000000 000000 000000 000000 002002 003003 000000 000000 000000 004004 000000 000000 000000 000000 000000 000000 000000 004004 003003 001001 001001 000000 000000 004004 004004 004004 000000 000000 000000 000000 000000 002002 004004 000000 000000 004004 001001 000000 000000 002002 000000 000000 000000 002002 000000 002002 000000 003003 000000 001002 000000 000000 001001 004003 000000 000000 000000 000000 004004 001001 000000 001001 003002 000000 000000 000000 000000 000000 000000 000000 000000 000000 000000 003003 000000 000000 000000 002002 000000 002002 000000 000000 000000 003003 001001 003003 000000 000000 001001 000000 003003 000000
S23_m1_fresa , 000000 003003 000000 000000 000000 000000 001001 004004 001001 003003 000000 003003 000000 000000 000000 000000 000000 002002 000000 004004 004004 002002 000000 000000 000000 001001 004004 004004 001001 003003 000000 001001 000000 000000 004004 004004 000000 000000 000000 004004 004004 003003 000000 002002 000000 000000 000000 000000 002002 003003 004004 001002 001001 000000 000000 000000 000000 000000 000000 001001 000000 001001 000000 002002 002002 000000 000000 000000 000000 003003 003003 000000 004004 000000 001001 003003 000000 000000 000000 000000 000000 002002 000000 000000 003003 003003 000000 000000 004004 000000 001002 002002 003003 001001
S35_m1_fresa , 004004 000000 000000 000000 001002 000000 000000 003003 000000 003003 000000 004004 000000 000000 000000 000000 004003 002002 000000 003003 000000 000000 000000 000000 000000 000000 004004 004004 001002 001003 000000 000000 004004 000000 000000 000000 000000 004004 000000 004004 000000 000000 000000 000000 000000 002002 004004 000000 002002 003003 003003 002002 000000 000000 000000 000000 000000 000000 000000 001001 000000 000000 000000 001001 000000 000000 001001 000000 000000 000000 000000 000000 002002 000000 001001 000000 000000 000000 001001 000000 000000 002002 001001 000000 000000 003003 001002 000000 000000 001001 000000 000000 000000 001001
S47_m1_fresa , 004004 000000 000000 000000 001001 001001 001001 004004 001002 000000 000000 003003 000000 000000 000000 000000 004004 000000 000000 004004 000000 002002 000000 000000 000000 000000 004004 004004 000000 003003 002002 002002 000000 000000 004004 000000 000000 000000 000000 004004 004004 000000 003003 002002 000000 000000 000000 003003 000000 003003 000000 001001 000000 000000 001001 003003 000000 004004 000000 002002 004004 000000 000000 000000 002002 000000 000000 000000 000000 000000 000000 004004 000000 000000 001001 000000 001001 004004 004004 000000 001001 002002 000000 000000 003003 000000 000000 000000 001001 000000 001002 002002 000000 001001
Pop
S12_hisopo_4 , 003003 000000 000000 000000 000000 000000 001001 004004 000000 000000 000000 000000 000000 004004 000000 000000 000000 000000 000000 000000 000000 000000 000000 000000 000000 000000 000000 004003 000000 000000 000000 000000 000000 000000 000000 004004 000000 000000 004004 004004 000000 000000 000000 000000 000000 000000 000000 000000 002002 001001 000000 001002 000000 000000 000000 000000 000000 000000 000000 000000 000000 000000 000000 001001 000000 000000 001001 000000 000000 000000 000000 000000 004004 000000 000000 004004 000000 000000 004004 000000 000000 000000 001001 000000 000000 000000 000000 000000 000000 000000 001001 000000 000000 000000
S24_hisopo_4 , 004004 000000 002002 000000 000000 000000 000000 004004 000000 000000 000000 000000 000000 000000 000000 002002 000000 001001 000000 004004 000000 000000 000000 000000 000000 001001 000000 004004 000000 000000 000000 000000 000000 002002 004004 004004 000000 000000 000000 000000 000000 000000 004004 000000 000000 000000 000000 000000 000000 000000 000000 001002 000000 000000 000000 000000 000000 000000 000000 000000 000000 000000 000000 000000 000000 000000 000000 000000 000000 000000 000000 000000 000000 004004 000000 004004 000000 000000 000000 000000 000000 000000 000000 000000 000000 000000 000000 000000 001001 000000 001001 000000 000000 004004
S36_hisopo_4 , 004004 000000 002002 000000 001002 000000 002002 004004 002002 000000 000000 004004 000000 000000 000000 000000 000000 000000 000000 004004 000000 000000 000000 000000 000000 000000 000000 004004 000000 000000 000000 000000 000000 000000 004004 003003 000000 004004 000000 000000 002002 000000 000000 000000 000000 000000 000000 000000 002002 000000 003003 001001 000000 000000 000000 000000 000000 003003 000000 000000 003003 000000 000000 000000 000000 000000 000000 000000 000000 004004 004004 003003 000000 004004 000000 000000 000000 000000 000000 001001 000000 000000 000000 000000 000000 000000 000000 003003 000000 000000 001001 000000 000000 000000
S48_hisopo_4 , 003003 000000 001001 000000 001002 004004 000000 004004 000000 000000 004004 000000 000000 000000 000000 000000 000000 000000 000000 000000 000000 000000 001001 000000 000000 000000 004004 004004 000000 000000 000000 000000 000000 001002 003003 004004 000000 003003 000000 000000 002002 003003 000000 002002 000000 000000 000000 003003 000000 000000 000000 000000 000000 000000 000000 003003 000000 003003 000000 000000 000000 000000 002002 000000 000000 000000 000000 004004 000000 000000 000000 000000 004004 000000 000000 000000 000000 004004 000000 000000 000000 000000 000000 000000 000000 000000 000000 003003 000000 000000 001001 000000 000000 000000
Pop
S13_pardal , 003003 004003 002002 000000 001002 001001 001002 004003 002002 003003 004003 004003 000000 003003 001003 002002 004003 002002 003003 004004 004003 001001 001002 004004 000000 001001 004003 003003 002002 001001 002002 001002 004003 001002 004003 004004 000000 004004 004004 003003 002002 002002 004003 002002 001002 001002 004003 003002 002002 001003 004003 001002 002002 000000 001004 004003 000000 004003 002002 001002 004004 001002 001001 001001 003002 000000 001002 004003 000000 003003 004003 003003 004002 004003 001001 004003 001001 000000 001004 001002 000000 002002 001002 002002 003003 004004 001002 004003 001004 001004 001002 001001 003003 001004
Pop
S14_mundo , 004003 004003 001002 000000 001002 001001 001001 004003 001001 004003 004003 004003 000000 004004 001003 004004 004003 002002 004004 004004 004004 001001 002002 004002 000000 001004 003003 004003 001001 001003 001002 002002 003003 002002 004003 004003 000000 004003 001004 004004 004002 003002 004003 001002 001002 001002 003003 003002 002002 003003 004003 002002 001002 000000 001004 004003 000000 003003 003002 001002 004003 001002 001002 001002 003002 000000 001002 004003 000000 004003 004004 003003 004004 004003 001002 004003 001001 000000 001004 001001 001003 004004 001002 001002 004003 003003 001001 003003 001004 001004 002002 001002 003002 001004
Pop
S15_paiciscaicus , 004003 004003 001001 000000 001002 001004 001002 004004 001002 003003 004003 004003 000000 004003 000000 004002 004003 001001 003003 004003 004003 001001 001002 004002 000000 004004 004004 004003 001001 001003 001001 001002 004003 001002 004003 004004 000000 004004 001004 004003 002002 003002 003003 002002 001002 002002 004003 003002 004002 003003 004003 002002 001002 000000 001001 004004 000000 003003 003002 001002 004003 002002 001001 001001 003002 000000 001002 004003 000000 004003 003003 004003 004004 004004 001002 004004 003003 000000 001004 001001 001003 004004 001001 001001 004003 003003 001001 003003 001001 001004 002002 001001 003002 001004
Pop
S16_quanta , 004003 004003 001001 000000 001002 001004 001002 004003 001002 004003 004004 004003 000000 003003 001001 004002 004004 002002 004003 003003 004004 001002 002002 002002 000000 004004 003003 003003 001002 001003 002002 001002 004003 001001 003003 004003 000000 003003 004004 004004 004004 003003 004003 002002 002002 001002 004003 003002 004004 003003 004004 001002 001002 000000 001004 004004 000000 003003 003003 001002 003003 001002 001002 001001 002002 000000 001002 004004 000000 004003 003003 003003 004004 004004 001001 004003 003003 000000 004004 001002 003003 004002 002002 001002 003003 004004 001002 004003 004004 001001 002002 002002 003002 001001
Pop
S17_mel_2020 , 003003 003003 001002 000000 001002 001004 001002 003003 001002 003003 004003 003003 000000 004003 001003 004004 004003 001002 004004 004003 004003 001002 001001 002002 000000 001004 004003 003003 002002 001003 001001 001002 004004 001002 004003 004003 000000 004003 004004 004004 004002 003002 004004 002002 001002 001002 004003 002002 004002 001001 004003 001001 001002 000000 004004 004003 000000 003003 003003 001002 003003 001002 001001 002002 003003 000000 001001 003003 000000 004003 004004 003003 004002 004004 001002 004003 003003 000000 001004 001001 000000 004002 002002 001002 004003 004004 001001 004003 004004 001001 001002 001002 003002 004004
Pop
S18_q_infante_tapete , 004003 004004 001001 000000 001002 001001 001001 004004 002002 004004 004003 004004 000000 004003 001001 004004 004003 001001 003003 004003 004004 002002 002002 004004 000000 001004 004003 004003 001002 001003 001002 001001 004003 002002 004003 004004 000000 003003 004004 003003 004004 002002 004003 002002 001002 001002 004003 003002 004004 001003 004003 001002 001002 000000 001004 004004 000000 003003 002002 001002 004003 001002 002002 001002 003003 000000 001002 004003 000000 004003 004003 003003 004004 004003 001002 004003 003003 000000 001004 001001 001003 004004 001002 001001 004003 004003 001001 004003 001001 001004 001002 001002 002002 001004
Pop
S19_0189mo , 003003 004003 001002 000000 001002 004004 001002 004003 001001 004003 004004 004003 000000 003003 001001 004004 004003 001002 004003 004004 004003 001001 002002 002002 000000 001004 004004 003003 001002 001003 001001 001002 004003 001002 003003 004003 000000 003003 001004 004003 004002 003002 004003 002002 002002 001002 004003 002002 004002 001001 003003 001002 001002 000000 004004 004003 000000 004004 003002 001002 004003 001001 001002 001002 003002 000000 002002 004003 000000 004003 004004 004003 002002 003003 002002 004003 003003 000000 001001 001002 003003 004002 001002 001002 004003 004003 001002 004003 001004 001004 001001 001002 002002 004004
Pop
S25_pandora , 004003 003003 001002 000000 001002 001001 002002 004004 001002 004003 004004 004003 000000 004003 001001 004004 004003 001002 004004 004003 004004 002002 001002 002002 000000 004004 004003 003003 001001 003003 001002 002002 004003 002002 004004 004004 000000 004004 004004 003003 002002 003003 004004 002002 001002 001002 004003 003002 004002 001001 003003 001001 001001 000000 001004 004004 000000 003003 002002 001002 004004 001002 001002 002002 003002 000000 002002 004003 000000 004003 004004 004003 004002 004004 001001 004004 001003 000000 004004 002002 000000 004002 001001 001001 004003 004003 001002 003003 001004 001001 001001 001001 003002 001004
Pop
S26_quiribo , 004003 004003 001002 000000 001002 001001 001001 003003 001002 004003 004003 004003 000000 003003 001003 004004 004004 001002 004003 004004 004003 002002 001002 004004 000000 001004 004003 003003 002002 001001 002002 001002 004003 001002 003003 004003 000000 003003 001004 004003 002002 003002 004004 002002 001002 001001 003003 002002 004004 001001 004003 002002 001002 000000 001001 004004 000000 003003 002002 001002 004004 001002 001002 001002 003003 000000 001002 004004 000000 003003 003003 004004 004002 003003 001002 003003 001003 000000 001001 001002 001003 004002 001002 001002 004003 004003 001001 004003 001004 004004 002002 002002 003003 001001
Pop
S27_nossa , 004004 004004 001002 000000 001002 001001 002002 003003 001002 003003 004003 004003 000000 003003 001003 002002 004003 002002 003003 004004 004003 001002 001001 004002 000000 004004 004004 003003 001002 001003 002002 001001 004003 001001 004003 004003 000000 004003 001004 004003 004002 003002 003003 002002 001002 001001 004004 003002 004004 003003 003003 002002 002002 000000 001004 004003 000000 004003 003002 001001 004003 002002 001002 001002 002002 000000 001001 003003 000000 004004 003003 003003 004002 004003 001002 004004 001001 000000 004004 001001 000000 002002 002002 002002 004003 004003 002002 004003 001001 001001 001002 001002 003003 004004
Pop
S28_qom , 004003 004003 002002 000000 001002 004004 001002 004003 001002 004003 004004 004003 000000 003003 001001 004002 004004 002002 004003 003003 004003 001002 002002 002002 000000 001004 003003 004003 001001 001003 002002 001002 004003 001002 004003 004004 000000 004003 004004 004004 004004 003003 004003 002002 001002 001002 004004 002002 004002 001003 004004 001002 001002 000000 001004 004004 000000 003003 003003 001002 003003 002002 001002 001002 002002 000000 001002 003003 000000 004004 003003 003003 004004 004004 001001 004003 001003 000000 001004 002002 003003 004002 002002 001002 003003 004003 001002 004003 001004 001001 002002 001002 002002 001001
Pop
S29_quadrifolio , 004004 003003 001001 000000 001002 001001 001002 003003 001001 004003 003003 004004 000000 004004 001003 002002 003003 001001 004003 004003 004004 002002 001002 004002 000000 004004 004003 003003 001002 001003 001002 002002 004003 001002 003003 004003 000000 004004 004004 004004 004002 003002 004004 001002 001002 002002 004003 003003 004002 001003 004003 001001 001001 000000 001001 003003 000000 003003 003002 002002 004004 001002 002002 001002 003002 000000 001002 003003 000000 004004 003003 004004 004004 004003 001002 003003 001003 000000 001001 002002 001003 002002 001002 001002 004003 004003 001001 004003 001001 001004 001001 001001 002002 001004
Pop
S30_q_gioes , 004003 004003 001001 000000 001002 001004 001001 004003 002002 003003 003003 004004 000000 004003 001001 004002 004003 001001 004003 004003 004003 001002 002002 004002 000000 001004 003003 004003 001002 003003 002002 002002 004003 001001 004003 004004 000000 003003 004004 004003 004004 002002 004004 002002 001002 001002 004003 003003 002002 001003 004003 001002 002002 000000 001001 004003 000000 004003 003002 001002 004003 001002 001002 001001 003003 000000 002002 004003 000000 004003 003003 004003 004002 004003 001002 003003 003003 000000 001004 001001 000000 002002 001002 002002 004004 004003 001002 004003 001001 004004 002002 002002 002002 001004
Pop
S31_0371ri , 004003 004004 001002 000000 001002 004004 001002 004003 001002 003003 003003 003003 000000 003003 001001 004002 004003 001001 004003 004003 003003 001001 001001 004002 000000 001004 004003 003003 001002 001003 001002 001001 004004 001002 004003 003003 000000 003003 004004 003003 002002 003002 004003 001002 001002 001001 003003 003002 004002 001001 004004 001002 001001 000000 001004 004004 000000 003003 002002 002002 003003 001001 001001 001001 003002 000000 001002 003003 000000 004003 004003 004003 004002 004004 002002 003003 003003 004003 004004 001002 000000 004004 001002 001002 003003 004004 001002 004003 004004 001001 001002 001001 003003 001004
Pop
S37_parreira , 004003 004004 001002 000000 001002 004004 001001 003003 001002 004003 003003 004003 000000 004004 001003 004002 003003 002002 004003 004003 004003 001001 002002 004004 000000 001004 004003 003003 001001 001003 001001 001001 003003 001002 003003 003003 000000 004003 001004 004004 004004 003003 004003 001002 002002 001001 004004 003002 004002 001001 004004 001002 001001 000000 001004 004003 000000 004003 003002 001002 004004 001002 002002 002002 002002 000000 001001 004004 000000 004004 003003 004003 002002 003003 002002 004003 001001 003003 001001 002002 003003 004002 002002 001002 004003 004004 001002 004003 001001 001004 002002 001002 003002 004004
Pop
S38_quinquilharia , 003003 003003 001002 000000 001002 004004 002002 004003 002002 003003 004004 004003 000000 003003 003003 004004 003003 002002 004003 004003 004003 002002 001001 002002 000000 001004 004003 003003 002002 001003 001002 001001 004003 001002 004003 004003 000000 003003 004004 004003 004002 003002 004004 002002 002002 001001 004003 002002 004002 001001 004003 001002 001002 000000 004004 004003 000000 003003 003003 002002 003003 001002 001002 001002 003003 000000 001002 003003 000000 004003 004004 004003 004002 004003 001002 004004 001003 004003 004004 001001 001001 002002 001002 001002 004004 004003 001002 003003 001004 001004 001002 001002 003002 001004
Pop
S39_rodion , 004003 004003 001002 000000 001002 001001 001002 004004 001002 004003 004003 003003 000000 003003 001003 002002 004003 001002 003003 004004 004003 001001 001002 004002 000000 001004 004004 004003 002002 001003 002002 001001 003003 001002 004004 004004 000000 004003 004004 004003 004002 002002 003003 002002 002002 001002 003003 003002 004002 001003 003003 001001 002002 000000 001001 003003 000000 004003 002002 002002 004003 001002 001002 001001 002002 000000 001001 004004 000000 004003 004003 004003 004002 004004 001001 004003 001003 004003 001004 001001 001001 004002 001002 001002 003003 004003 001002 004003 001001 001001 001002 001002 003003 001001
Pop
S40_r1lluvia , 003003 004003 001002 000000 001002 001004 001002 004003 001002 004003 004004 004004 000000 003003 001001 004002 004003 001002 003003 004004 004003 001002 001002 004004 000000 001001 004004 003003 002002 001001 002002 001002 004003 001002 004004 004004 000000 004003 001004 003003 004002 003002 004004 002002 001001 001002 003003 002002 004002 001001 004004 001002 002002 000000 001004 004004 000000 004003 002002 001002 004003 001001 001002 001002 003002 000000 001001 004004 000000 003003 004003 004003 004004 004003 001002 003003 001001 003003 001004 002002 001001 004002 001001 001002 004003 004004 001001 003003 001001 001004 002002 001001 003002 001001
Pop
S41_yem , 004004 004003 001002 000000 001002 004004 001002 004003 002002 004003 004003 003003 000000 004003 001003 004002 003003 001002 004003 004003 004003 001001 001002 004002 000000 001004 004003 003003 001002 001001 001002 001002 004004 002002 004003 004003 000000 003003 004004 003003 004002 003002 004003 002002 002002 001002 004003 003002 004002 003003 004003 001002 002002 000000 001001 004003 000000 004003 003002 002002 004003 001001 001001 002002 003002 000000 002002 004004 000000 004004 004003 004004 004002 004003 001002 004003 001003 003003 001004 002002 001001 004002 002002 002002 004004 004003 001002 004003 001004 004004 002002 001002 003003 004004
Pop
S42_irobi , 004003 004003 001001 000000 001002 004004 001002 004004 002002 004003 003003 004003 000000 004003 001001 004002 004003 001002 004003 004004 004003 001001 001002 004004 000000 004004 004003 003003 001002 001003 001001 001001 004004 002002 004003 003003 000000 004003 004004 003003 004002 003002 004003 002002 001002 002002 004004 002002 004004 001003 004003 001001 002002 000000 001001 004003 000000 004003 003002 001002 004003 001001 001002 002002 003002 000000 002002 004004 000000 004003 003003 004003 004002 004003 001002 004003 001003 003003 001001 001002 001001 004002 001002 001002 004004 004003 001002 004003 001001 001004 002002 001002 003003 001004
S85_irobi , 004003 004003 001001 000000 001002 004004 001002 004004 002002 004003 003003 004003 000000 004003 001001 004002 004003 001002 004003 004004 004003 001001 001002 004004 000000 004004 004003 003003 001002 001003 001001 001001 004004 002002 004003 003003 000000 004003 004004 003003 004002 003002 004003 002002 001002 002002 004004 002002 004004 001003 004003 001001 002002 000000 001001 004003 000000 004003 003002 001002 004003 001001 001002 002002 003002 000000 002002 004004 000000 004003 003003 004003 004002 004003 001002 004003 001003 000000 001001 001002 000000 004002 001002 001002 004004 004003 001002 004003 001001 001004 002002 001002 003003 001004
Pop
S43_0047ri , 004003 004003 001002 000000 001002 004004 001001 004004 001001 003003 004003 003003 000000 003003 001003 004004 004004 001002 004003 004003 004003 001001 001002 004002 000000 001001 004004 003003 001002 001003 001002 001002 004003 001002 004003 003003 000000 003003 004004 004003 004002 003002 004003 001002 001001 001001 004003 003002 004002 001001 004004 001002 001001 002002 001004 004004 000000 004003 002002 002002 003003 001001 001001 001001 003002 000000 001002 003003 000000 004003 004003 004003 004004 004004 002002 003003 001003 004003 001004 001002 001001 004004 001002 001002 003003 004004 001002 004003 004004 001001 001002 001002 003002 001004
Pop
S49_nogado , 004004 004003 001001 000000 001002 004004 001001 004004 002002 003003 003003 004003 000000 004003 003003 004002 004004 001001 004003 003003 004003 001002 002002 004002 000000 001001 003003 003003 001001 001003 002002 002002 004004 001002 004003 004003 000000 004003 004004 004004 004002 003002 004004 001002 001001 001002 004003 003002 004002 001003 004003 001002 001002 000000 001001 003003 000000 004003 002002 001001 004004 001002 001001 001001 003002 000000 001002 003003 000000 004004 003003 003003 004002 004003 001001 004003 001003 003003 001004 001002 001003 004004 001002 002002 004003 004004 002002 004003 001004 004004 001002 001002 003002 004004
S78_nogado , 003003 004003 001002 000000 001002 001001 001001 004003 002002 004003 004003 004004 000000 004003 001001 004002 004003 001002 004003 004004 004003 001002 001002 004002 000000 001001 004004 004003 001002 001003 001002 001002 004003 002002 004003 004003 000000 004003 004004 004003 004002 003002 004004 002002 001001 001002 003003 003002 004002 001001 004003 001002 002002 000000 001001 004003 000000 004003 003002 001002 004003 001001 002002 002002 003003 000000 001002 004004 000000 004003 003003 004003 004002 004003 001001 004003 001003 000000 001001 001001 000000 004002 001002 001002 004004 004004 001001 004003 001001 001004 001002 001002 003002 001004
Pop
S50_quip , 004003 003003 001002 000000 001002 004004 002002 004004 002002 003003 004004 004003 000000 004003 003003 004002 004003 001002 004003 003003 003003 002002 001001 002002 000000 001001 004003 004003 002002 001001 002002 002002 004003 001002 004003 004003 000000 004003 004004 004003 002002 003003 004003 002002 001001 001002 004004 003002 002002 001003 004003 001002 002002 000000 001004 004003 000000 003003 003003 002002 003003 002002 002002 001002 003002 000000 001002 004003 000000 004003 004003 004003 004004 004004 001001 004004 001003 004004 004004 001002 001001 002002 001001 001002 004004 004003 002002 003003 001001 004004 001001 001001 003003 001004
Pop
S51_ramali , 004003 004003 001001 000000 001002 001001 001001 004004 001002 004004 004004 004003 000000 004004 001001 004004 004003 001001 003003 004003 003003 001001 001001 002002 000000 004004 004003 003003 001001 003003 001001 001001 004003 002002 004004 003003 000000 003003 004004 003003 004002 003003 004003 002002 001001 002002 004004 003002 004004 001003 004004 001002 002002 001002 001001 004004 000000 004003 003002 001002 004004 001002 002002 002002 002002 004003 001001 004004 000000 004004 003003 004003 004004 004003 001002 004003 003003 003003 001001 002002 001003 002002 001001 001001 004003 004003 001002 003003 001004 001001 002002 001001 003002 001004
Pop
S52_moreira , 004004 004004 001001 000000 001002 001004 001001 003003 001002 004004 003003 003003 000000 004004 001001 002002 004004 001002 004004 004003 004003 002002 001002 002002 000000 001004 003003 003003 001002 001001 001002 001002 004004 001001 003003 004003 000000 004003 004004 004003 004002 003003 004004 002002 002002 001002 004004 003002 004002 001001 004003 001002 001001 000000 001004 004003 000000 003003 003002 001002 003003 002002 001002 001002 002002 000000 001002 004003 000000 004004 003003 003003 002002 004004 002002 004003 001003 004003 001004 002002 001003 004002 001002 001002 003003 003003 001002 004003 004004 001001 002002 001002 003002 001004
Pop
S53_oslo , 003003 004004 001002 000000 001002 001004 001001 004003 001002 003003 004003 004003 000000 004003 001003 004002 004004 001002 003003 004003 004003 001002 001002 004002 000000 001004 004003 003003 001001 001001 002002 002002 004003 001001 004003 003003 000000 004003 004004 004004 004002 003002 004004 001002 001001 001002 003003 003002 004002 001003 003003 001002 002002 000000 004004 003003 000000 004003 002002 001001 004004 001002 001001 001001 003003 000000 001001 003003 000000 004004 003003 003003 002002 004003 001002 004003 003003 004003 001004 001002 001003 004004 001001 002002 004003 003003 001002 004003 004004 001004 001001 002002 002002 001004
Pop
S54_p2neves , 003003 004003 001001 000000 001002 001004 002002 004003 001002 004003 004004 004003 000000 004003 003003 004004 004003 002002 004003 004003 003003 002002 001002 002002 000000 001004 004003 003003 001002 001003 001002 002002 003003 001002 003003 003003 000000 004003 004004 003003 004002 003003 004003 001002 001002 001001 004003 003002 004002 001003 004003 001002 001001 000000 004004 003003 000000 004003 003002 001002 004003 001002 001002 001002 003003 000000 001001 004004 000000 004004 004003 003003 004002 004003 001001 004004 001001 004003 001004 001002 001003 002002 001002 001001 004004 004003 001001 003003 001004 001004 001001 001002 003003 001001
Pop
S55_0576gang , 004003 004004 001002 000000 001002 001004 001002 004003 001001 004004 004004 004003 000000 004003 001001 004004 003003 001002 004003 004004 000000 001001 001001 004002 000000 001001 004003 003003 001002 001003 001001 002002 004003 002002 004003 004003 000000 003003 001001 004003 004002 002002 004004 001002 001002 001001 004003 002002 004004 001001 003003 001002 001002 000000 001001 004004 000000 004003 000000 002002 003003 001002 001001 001001 002002 000000 001002 000000 000000 004004 004003 004003 004004 004003 001002 004003 001003 004004 001004 001001 001001 004002 002002 001002 003003 004003 001002 003003 001004 001001 001001 001001 003003 001004
Pop
S56_pelos , 000000 000000 000000 000000 000000 000000 000000 004004 000000 000000 000000 000000 000000 000000 000000 000000 000000 001001 000000 004004 000000 000000 000000 000000 000000 000000 000000 004004 000000 001001 001001 000000 000000 000000 000000 000000 000000 004004 000000 000000 000000 000000 003003 000000 000000 000000 004003 000000 000000 000000 003003 001001 002002 000000 000000 000000 000000 003003 000000 000000 004004 002002 000000 001001 002002 000000 002002 000000 000000 000000 000000 003003 000000 000000 000000 003003 003003 004003 000000 000000 000000 000000 000000 000000 000000 004004 000000 000000 004004 000000 000000 001001 000000 000000
S68_pelos , 000000 000000 000000 000000 000000 000000 001001 004004 000000 003003 003003 000000 000000 000000 001001 000000 004004 000000 000000 000000 000000 000000 002002 000000 000000 000000 000000 004004 000000 000000 001001 000000 000000 000000 000000 000000 000000 000000 000000 000000 000000 000000 000000 000000 000000 000000 000000 000000 000000 000000 003003 001002 000000 000000 000000 000000 000000 000000 000000 000000 000000 001001 000000 000000 002002 000000 001001 000000 000000 000000 000000 000000 000000 004004 000000 003003 000000 000000 000000 000000 000000 002002 000000 002002 000000 000000 000000 000000 000000 000000 000000 000000 003003 000000
S80_pelos , 000000 000000 000000 000000 001001 000000 001001 004004 000000 000000 000000 000000 000000 000000 000000 000000 000000 001002 004004 004004 000000 000000 000000 000000 000000 000000 004004 004004 000000 001001 000000 000000 000000 000000 004004 000000 000000 000000 000000 000000 000000 000000 000000 001001 000000 000000 000000 003003 000000 000000 000000 000000 000000 000000 000000 000000 000000 000000 000000 000000 003003 001001 000000 001001 000000 000000 000000 000000 000000 000000 004004 000000 000000 003003 000000 000000 000000 000000 000000 000000 000000 000000 000000 000000 003003 004004 000000 000000 000000 000000 000000 000000 000000 004004
S92_pelos , 000000 004004 000000 000000 001001 000000 001001 004004 000000 000000 000000 004004 000000 000000 000000 000000 000000 000000 000000 004004 000000 001001 000000 004004 000000 001001 000000 003003 000000 000000 000000 000000 000000 000000 004004 000000 000000 004004 000000 000000 000000 000000 000000 000000 000000 001001 003003 000000 002002 001001 000000 000000 000000 000000 000000 004004 000000 004004 000000 000000 000000 000000 000000 001001 002002 000000 000000 000000 000000 000000 000000 000000 000000 000000 000000 000000 000000 000000 000000 000000 000000 000000 000000 000000 000000 000000 000000 000000 000000 000000 000000 001001 000000 000000
Pop
S57_picanco , 003003 004004 002002 000000 001002 001001 002002 003003 002002 004003 004003 004003 000000 003003 001003 002002 004003 002002 004003 004003 004004 001002 001002 004002 000000 001004 004003 003003 002002 001001 001002 002002 004003 001002 004003 004003 000000 004003 004004 003003 002002 002002 004004 002002 001001 001002 004004 003003 004002 001001 004004 001002 002002 000000 001001 004003 000000 004003 003003 001001 004004 001002 001001 002002 003003 000000 002002 004003 000000 004003 004003 003003 004004 004003 001002 004003 001001 004003 001004 001002 001003 002002 001001 002002 004003 004004 002002 004003 001001 001004 002002 001002 003002 001001
S69_picanco , 003003 004004 002002 000000 001002 001001 002002 003003 002002 004003 004003 004003 000000 003003 001003 002002 004003 002002 004003 004003 004004 001002 001002 004002 000000 001004 004003 003003 002002 001001 001002 002002 004003 001002 004003 004003 000000 004003 004004 003003 002002 002002 004004 002002 001001 001002 004004 003003 004002 001001 004004 001002 002002 000000 001001 004003 000000 004003 003003 001001 004004 001002 001001 002002 003003 000000 002002 004003 000000 004003 004003 003003 004004 004003 001002 004003 001001 000000 001004 001002 001003 002002 001001 002002 004003 004004 002002 004003 001001 001004 002002 001002 003002 001001
S81_picanco , 003003 004004 002002 000000 001002 001001 002002 003003 002002 004003 004003 004003 000000 003003 001003 002002 004003 002002 004003 004003 004004 001002 001002 004002 000000 001004 004003 003003 002002 001001 001002 002002 004003 001002 004003 004003 000000 004003 004004 003003 002002 002002 004004 002002 001001 001002 004004 003003 004002 001001 004004 001002 002002 000000 001001 004003 000000 004003 003003 001001 004004 001002 001001 002002 003003 000000 002002 004003 000000 004003 004003 003003 004004 004003 001002 004003 001001 000000 001004 001002 001003 002002 001001 002002 004003 004004 002002 004003 001001 001004 002002 001002 003002 001001
S93_picanco , 003003 004004 002002 000000 001002 001001 002002 003003 002002 004003 004003 004003 000000 003003 001003 002002 004003 002002 004003 004003 004004 001002 001002 004002 000000 001004 004003 003003 002002 001001 001002 002002 004003 001002 004003 004003 000000 004003 004004 003003 002002 002002 004004 002002 001001 001002 004004 003003 004002 001001 004004 001002 002002 000000 001001 004003 000000 004003 003003 001001 004004 001002 001001 002002 003003 000000 002002 004003 000000 004003 004003 003003 004004 004003 001002 004003 001001 000000 001004 001002 001003 002002 001001 002002 004003 004004 002002 004003 001001 001004 002002 001002 003002 001001
Pop
S58_oria , 004003 004003 001002 000000 001002 004004 001002 004003 001002 004003 004003 004003 000000 004004 001001 004002 004003 001001 004003 004003 004004 001001 001002 004002 000000 001004 004003 004003 001001 001003 001001 001002 004003 002002 004003 004003 000000 004004 004004 003003 004002 003002 004003 001002 001001 002002 003003 003002 004002 003003 004003 002002 001002 000000 001001 004004 000000 004003 003003 001002 003003 002002 001002 001002 003002 000000 002002 003003 000000 004004 003003 004003 004004 004004 001002 004004 003003 004003 004004 001002 001003 004002 001001 001001 003003 003003 001002 003003 001001 001001 002002 001001 003003 004004
S70_oria , 004003 004003 001002 000000 001002 004004 001002 000000 000000 004003 004003 004003 000000 004004 001001 004002 004003 001001 004003 004003 004004 001001 001002 004002 000000 001004 004003 004003 001001 001003 001001 001002 004003 002002 004003 004003 000000 004004 004004 003003 004002 003002 004003 001002 001001 002002 003003 003002 004002 003003 004003 002002 001002 000000 001001 004004 000000 003003 003003 001002 003003 002002 001002 001002 003002 000000 002002 003003 000000 004004 003003 004003 004004 004004 001002 004004 003003 000000 004004 001002 000000 004002 001001 001001 004003 003003 001002 003003 001001 001001 002002 001001 003003 004004
S82_oria , 004003 004003 001002 000000 001002 004004 001002 004003 001002 004003 004003 004003 000000 004004 001001 004002 004003 001001 004004 004003 004004 001001 001002 004002 000000 001004 004003 004003 001001 001003 001001 002002 004003 002002 004003 004003 000000 004004 004004 003003 004002 003002 004003 001002 000000 002002 003003 003002 004002 003003 004003 002002 002002 000000 001001 004004 000000 003003 003003 001002 003003 002002 001002 001002 003002 000000 002002 003003 000000 004004 003003 004003 004004 004004 001002 004004 003003 000000 004004 001002 000000 004002 001001 001001 004003 003003 001002 003003 001001 001001 002002 001001 003003 001004
S94_oria , 004003 004003 001002 000000 001002 004004 001002 004003 001002 003003 004003 004003 000000 004004 001001 004002 004003 001001 004003 004003 004004 001001 001002 004002 000000 001004 004003 004003 001001 001003 001001 001002 004003 002002 004003 004003 000000 004004 004004 000000 004002 003002 004003 001002 001001 002002 003003 003002 002002 003003 004003 002002 001002 001002 001001 004004 000000 003003 003003 001002 003003 002002 001002 001002 003002 000000 002002 003003 000000 004004 003003 004003 004004 004004 001002 004004 003003 004003 001004 001002 001003 004002 001001 001001 004003 003003 001002 003003 001001 001001 002002 000000 003003 004004
Pop
S59_hisopo_3 , 004004 003003 000000 000000 001002 004004 000000 004004 002002 000000 000000 000000 000000 004004 000000 004002 000000 001001 000000 003003 003003 000000 000000 002002 000000 001001 000000 004003 002002 001001 002002 000000 000000 001002 000000 003003 000000 003003 000000 004004 002002 000000 000000 000000 000000 001001 000000 000000 000000 000000 004004 002002 000000 000000 004004 004004 000000 003003 003003 002002 003003 002002 002002 000000 000000 000000 000000 004004 000000 004003 000000 003003 000000 000000 001001 004004 000000 000000 000000 000000 001001 000000 001001 000000 000000 000000 000000 003003 001001 004004 001001 002002 000000 000000
S71_hisopo_3 , 004004 003003 001002 000000 001002 004004 000000 004004 002002 000000 000000 003003 000000 000000 000000 000000 004004 002002 003003 004004 000000 000000 001001 002002 000000 001001 004004 004003 002002 001001 002002 002002 003003 002002 004004 004004 000000 004004 000000 000000 000000 003003 004004 002002 000000 000000 000000 003002 002002 003003 000000 001002 000000 000000 001001 004004 000000 000000 000000 002002 003003 002002 000000 002002 000000 000000 001001 000000 000000 003003 004003 004004 000000 000000 001001 004004 003003 000000 004004 002002 000000 000000 001001 000000 004004 000000 000000 003003 001001 000000 001001 000000 003003 000000
S83_hisopo_3 , 004004 003003 001001 000000 000000 004004 002002 004004 002002 000000 004004 004004 000000 004003 003003 000000 000000 001002 000000 003003 000000 000000 000000 000000 000000 000000 003003 004003 002002 001001 002002 000000 003003 001001 003003 004004 000000 000000 004004 003003 002002 003003 004003 002002 000000 000000 004004 002002 002002 000000 000000 001001 002002 000000 001001 004004 000000 003003 003003 000000 000000 002002 002002 000000 000000 000000 001002 000000 000000 000000 004004 000000 000000 000000 001001 000000 000000 000000 004004 002002 000000 000000 000000 000000 004004 004003 000000 000000 000000 004004 001001 000000 003003 000000
S95_hisopo_3 , 004004 000000 002002 000000 000000 000000 000000 004004 002002 000000 004004 000000 000000 000000 003003 000000 004004 002002 000000 004004 003003 002002 000000 002002 000000 000000 000000 004004 002002 000000 002002 002002 000000 001001 004004 004004 000000 004004 004004 003003 002002 000000 000000 002002 000000 001002 000000 002002 002002 001003 003003 001001 002002 001001 000000 000000 000000 003003 000000 000000 000000 000000 000000 002002 002002 000000 000000 000000 000000 000000 003003 000000 004004 004004 000000 000000 003003 004004 004004 002002 001001 002002 001001 000000 004004 000000 002002 000000 001001 004004 001001 000000 003003 000000
Pop
S61_odeleite , 004003 004004 001002 000000 001002 001001 001001 003003 001002 004003 003003 004004 000000 004004 001001 002002 004003 002002 004003 004003 003003 002002 001002 004002 000000 001004 004003 003003 002002 001003 001001 002002 004004 001002 003003 003003 000000 003003 004004 004003 002002 003002 004003 002002 001002 002002 004003 002002 002002 001003 003003 001001 001002 000000 001004 003003 000000 004003 003002 001002 004003 001002 001002 001002 003002 000000 002002 003003 000000 004004 003003 004003 004002 004004 001002 003003 001003 000000 001004 001002 001003 004002 002002 002002 003003 004004 001002 004003 001004 001001 001002 002002 003003 001004
Pop
S62_quadrado , 004003 004004 002002 000000 001002 001001 001002 003003 002002 003003 004004 004003 000000 004003 001001 002002 004003 002002 003003 004004 003003 002002 001002 004002 000000 001004 004004 003003 001002 003003 002002 001001 004004 001002 004003 004003 000000 004004 001004 003003 004004 003003 004003 002002 001002 001001 004003 003002 004004 001003 004003 002002 002002 000000 001001 003003 000000 004003 003002 001001 003003 001002 002002 002002 003002 000000 001002 004003 000000 004003 003003 004003 004002 004004 001002 004003 001001 000000 001004 001001 000000 004002 002002 001002 004003 004004 001002 004003 001001 001001 001001 001002 003002 001004
Pop
S63_rombo , 003003 003003 001002 000000 001002 001004 001002 004003 001002 003003 004004 004003 000000 003003 003003 004004 003003 001002 004003 004003 004003 001002 001001 002002 000000 001001 004003 003003 002002 001001 001002 002002 004003 001002 004003 004003 000000 004004 004004 004004 004002 003003 004004 002002 001002 001002 004003 002002 002002 001003 004003 001002 001001 000000 004004 004003 000000 003003 003003 001002 003003 001001 001002 001002 003002 000000 001001 004003 000000 004003 004003 003003 004004 004003 001001 004003 001003 000000 004004 001002 000000 004002 002002 001001 004003 004003 001002 003003 001004 001004 001001 002002 003002 001004
Pop
S64_feto_o_scido , 004004 004003 001002 000000 001002 001001 001001 004003 001002 004003 004003 004003 000000 004003 001001 002002 004003 001002 004004 003003 003003 002002 001002 002002 000000 001004 003003 003003 001002 001003 001002 001002 004003 001001 004003 004003 000000 003003 004004 003003 004004 003003 004003 002002 002002 002002 004004 003003 004004 001003 004004 001001 001002 000000 001004 004004 000000 003003 003003 001002 004003 002002 001002 001002 002002 000000 001002 004003 000000 004004 003003 003003 004002 004003 001002 004004 001003 000000 001004 002002 001003 004002 001002 001001 003003 003003 001001 004003 004004 001004 001002 002002 003002 001004
Pop
S65_magreb , 004004 003003 001002 000000 001002 001001 001002 003003 001002 004003 003003 004004 000000 004004 001003 004002 004003 001002 003003 004004 003003 001002 001001 002002 000000 001004 004004 003003 001002 003003 001001 001002 004004 002002 003003 004004 000000 004003 001004 004003 002002 002002 003003 001002 001002 002002 004004 002002 002002 003003 004003 001002 001001 000000 001001 003003 000000 004003 003002 002002 004004 001002 002002 001002 002002 000000 001002 003003 000000 003003 004003 004004 002002 004003 001002 004003 001001 004003 001001 001002 003003 004002 001001 001002 004003 003003 001002 004003 001004 001004 002002 002002 003002 004004
Pop
S66_portela , 003003 004003 001001 000000 001002 001004 002002 004003 001002 003003 004004 004003 000000 004003 003003 004004 004003 002002 004003 004003 003003 002002 001002 004002 000000 001004 004004 003003 001002 001003 001002 001002 003003 001001 004004 004004 000000 003003 004004 003003 004002 003002 004004 001002 002002 002002 003003 003003 004002 001001 004004 001001 001002 000000 001004 003003 000000 004003 003002 001002 004003 001002 001002 001002 003003 000000 001001 004003 000000 004004 004003 003003 002002 004003 001002 004004 001001 003003 001001 001002 001003 002002 002002 001002 004003 003003 001001 004003 001004 001004 001002 001002 003003 001001
S73_portela , 003003 004003 001002 000000 001002 001004 001001 003003 002002 003003 003003 004003 000000 003003 001003 004002 004003 001002 004003 004004 003003 001002 001002 004004 000000 004004 004003 003003 001002 001003 001002 002002 004003 001001 004003 004003 000000 003003 001001 004004 004002 003003 004003 001002 001001 001001 003003 003002 004002 001001 004004 001002 001001 000000 001001 004003 000000 003003 003002 001002 004004 001002 001002 001002 003003 000000 001001 004004 000000 004003 003003 004003 004002 004003 001002 003003 001001 000000 001004 001002 003003 002002 002002 002002 003003 004003 001002 004003 001004 004004 001002 001001 003002 004004
Pop
S67_0706gang , 003003 004003 002002 000000 001002 004004 001001 003003 001001 004004 004003 004004 000000 003003 001003 004002 004003 002002 004004 004004 004003 001002 002002 004002 000000 001004 004003 003003 002002 001003 001001 001001 004003 001001 003003 004003 000000 004003 001001 004003 004004 002002 004004 001002 001002 001002 004004 002002 004004 001003 004003 001002 001002 000000 004004 004004 000000 004003 003002 002002 004003 001001 001002 001001 003002 000000 001002 004003 000000 003003 004003 004003 004002 003003 001002 004003 001001 000000 004004 001001 003003 004002 001002 002002 003003 004003 001002 004003 001004 004004 002002 001002 003003 001004
Pop
S74_quimica , 004004 004003 001002 000000 001002 001004 001002 003003 002002 004004 004003 004003 000000 004004 001003 004002 003003 001002 003003 004003 004003 001001 002002 004002 000000 004004 004003 003003 001001 001001 001002 001002 004003 002002 003003 003003 000000 003003 004004 003003 002002 003002 004003 002002 001002 001002 004003 002002 004004 001001 004003 001002 002002 000000 001001 004004 000000 004003 002002 002002 004004 001002 001002 002002 002002 000000 001002 004004 000000 004003 003003 004004 004002 004003 001002 004003 001003 000000 001004 001002 000000 002002 001001 001001 003003 004003 002002 004003 001004 001004 001002 001001 002002 001001
Pop
S75_q1jacaranda , 004003 004003 001002 000000 001002 001001 002002 003003 002002 004003 004003 004003 000000 003003 001003 002002 004003 001002 004003 004004 004004 001002 001002 004002 000000 004004 004003 004003 002002 001001 002002 001002 004004 002002 004003 004004 000000 004003 004004 003003 002002 002002 004004 002002 001001 001002 004003 002002 004002 001001 004003 001002 002002 000000 001004 004003 000000 004003 003002 001001 004003 001002 001002 001002 003002 000000 001002 004003 000000 004003 004003 003003 004004 004003 001001 004003 001001 000000 001004 001002 000000 004002 002002 002002 004003 004004 001002 004003 001001 001004 002002 002002 003002 001004
Pop
S76_quilica , 003003 004003 001001 000000 001002 001004 001001 003003 001002 004003 003003 004004 000000 004003 001001 004002 004004 001002 004004 004004 004003 002002 002002 004002 000000 001004 004004 003003 001002 001001 001002 001002 004004 001002 003003 004004 000000 004003 001004 003003 002002 003002 004004 001002 001002 001001 003003 002002 004002 001001 004003 002002 001002 000000 001001 004004 000000 004003 002002 001002 003003 001002 002002 001002 003003 000000 002002 004004 000000 004003 003003 004004 002002 004004 001002 003003 001001 000000 001004 001002 001003 004004 001002 001001 004003 004004 001001 004003 001001 001001 001001 001002 003003 001004
Pop
S77_bia , 004003 004004 002002 000000 001002 001004 001002 003003 001002 004003 004003 004003 000000 003003 003003 004002 004003 002002 004003 004003 004004 001002 001002 004002 000000 001004 004003 004003 002002 001003 001001 001002 003003 001002 004003 004003 000000 004003 001004 003003 004002 003002 004003 001001 001002 001002 003003 002002 004002 001003 004003 001002 002002 000000 001004 004004 000000 003003 003002 001002 003003 001002 001001 001002 003002 000000 001002 004003 000000 004003 004003 004003 004002 004003 001002 004003 001001 000000 004004 001002 000000 002002 001002 001002 004004 004003 001002 003003 001004 001001 001002 001001 003003 004004
Pop
S79_1738mo , 004004 004003 001002 000000 001002 001004 000000 004003 001002 003003 004004 003003 000000 004004 003003 004002 004003 001001 003003 004004 004004 001001 001001 004002 000000 001004 004004 003003 002002 001003 001002 001002 004003 001002 004004 003003 000000 004004 001004 003003 002002 003002 004003 001002 001002 001001 003003 002002 002002 001003 003003 001001 002002 000000 001004 004004 000000 004003 003003 001002 004003 001002 001001 000000 003003 000000 001001 003003 000000 004004 004004 003003 004002 004003 001002 004003 003003 000000 004004 001001 000000 004002 001002 001002 004003 004004 001002 004003 001004 001001 001001 001001 003003 004004
Pop
S86_quilowat , 004004 004004 001001 000000 001002 004004 001001 004003 001001 004003 004003 004004 000000 004004 001003 004002 004003 001002 003003 004003 003003 001001 001002 004004 000000 004004 004004 003003 001001 003003 001002 001001 003003 001002 004003 003003 000000 003003 001004 003003 004002 003003 004003 002002 001001 001002 004003 003003 004002 001003 004003 001001 002002 000000 001001 004004 000000 004003 003002 002002 004003 002002 001002 002002 003002 000000 001002 004003 000000 004004 003003 004004 004002 004003 001002 004003 001003 000000 001004 001002 001003 002002 001001 001002 003003 004003 001002 004003 001004 001004 001002 001002 003002 001004
Pop
S87_quimico , 004004 004003 001002 000000 001002 004004 001002 004003 002002 004003 004003 003003 000000 004003 001003 004002 003003 001002 004003 004003 004003 001001 001002 004002 000000 001004 004003 003003 001002 001001 001002 001002 004004 002002 004003 004003 000000 003003 004004 003003 004002 003002 004003 002002 002002 001002 004003 003002 004002 003003 004003 001002 002002 000000 001001 004003 000000 004003 003002 002002 003003 001001 001001 002002 003002 000000 002002 004004 000000 004004 004003 004004 004002 004003 001002 004003 001003 000000 001004 002002 000000 004002 002002 002002 004004 004003 001002 004003 001004 004004 002002 001002 003003 004004
Pop
S88_neves , 004003 003003 001002 000000 001002 004004 001002 004004 002002 003003 004004 004004 000000 004003 003003 000000 004003 002002 000000 004003 003003 002002 000000 004002 000000 000000 004003 004003 001002 001003 002002 001002 004003 001001 004003 004003 000000 004003 004004 004003 002002 003003 004004 002002 001002 001002 004003 003002 002002 001003 004003 001002 001002 000000 004004 004003 000000 003003 003003 002002 003003 001002 000000 001001 003002 000000 001002 004003 000000 004003 004003 004003 004002 004003 001001 004004 001001 000000 001004 001002 000000 000000 001002 001001 004004 003003 001002 003003 001001 001004 001002 001002 003003 001001
Pop
S89_oliveira , 004004 004003 001002 000000 001002 001001 001002 003003 001002 003003 004003 004003 000000 004003 001001 002002 004003 001002 004003 004004 004003 001001 001001 004002 000000 001004 004004 003003 001001 001003 001002 001002 004003 001001 003003 004003 000000 004004 001004 003003 002002 003002 004003 001002 001001 001002 004004 002002 002002 003003 004003 002002 001002 000000 001001 003003 000000 003003 003002 001002 004004 002002 001002 002002 003003 000000 001001 003003 000000 004003 004004 003003 004002 004003 001002 003003 001003 000000 004004 002002 000000 004002 001002 001002 004003 004003 001001 003003 001004 001004 001002 002002 003003 001004
Pop
S90_lluvia , 004003 004003 001001 000000 001002 001004 001001 003003 001002 004004 003003 004003 000000 004003 001003 004004 004003 001002 004004 004004 004004 002002 002002 004004 000000 004004 004003 003003 001002 001001 002002 001002 004003 001001 004003 004003 000000 003003 001001 003003 004002 003003 004004 001002 001002 001002 003003 003002 004004 001001 004003 001002 001001 000000 001001 004003 000000 003003 002002 001002 004003 001002 001002 001002 003003 000000 001002 004004 000000 004003 003003 004003 004002 004003 002002 003003 001001 003003 001004 002002 003003 004004 001002 001002 003003 004003 001002 004003 001004 001004 001002 001002 003003 001001
Pop
S91_2258ri , 004003 004004 002002 000000 001002 004004 001001 003003 001001 004003 004004 004003 000000 003003 001001 004002 004003 002002 004003 004004 003003 001001 001001 004004 000000 001004 004004 003003 001002 001003 001002 001002 004003 001002 004003 003003 000000 003003 001001 003003 004004 003002 004004 001002 000000 001002 004003 003002 004002 001001 004003 001002 001001 002002 001004 004003 000000 004004 002002 002002 004003 001001 001001 001001 003003 000000 001001 004003 000000 004003 004004 004003 004002 004003 002002 004003 001003 004004 001004 001002 001003 004002 002002 002002 004003 004003 001002 004003 004004 001004 001002 001002 003003 001004
